50 88
1 30
1 47
1 49
2 35
2 48
2 50
3 9
3 32
3 38
4 12
4 21
4 32
4 33
4 44
5 6
5 23
5 36
5 45
6 22
6 23
6 26
6 33
7 8
7 23
7 39
8 16
9 12
9 14
10 17
10 24
10 34
11 15
11 26
11 36
11 45
12 14
12 32
13 15
13 30
14 26
14 32
14 50
15 49
16 28
17 19
17 20
17 29
18 25
18 31
19 20
19 26
19 50
20 26
20 45
21 44
22 23
22 28
22 44
23 40
24 25
24 29
24 43
25 34
25 43
25 46
27 31
27 35
28 44
29 30
29 45
29 47
31 46
32 33
33 44
35 38
35 41
35 42
36 40
37 39
37 49
38 42
38 50
39 40
39 49
41 42
43 47
46 48
46 50
